Lights:
  - type: point
    attenuation: 3
    position: [0, 0.0873269737, 1.45235038]
    color: [1, 1, 1]
    intensity: 1